Date,From,To,Subject,Message
"Mon, 17 Sep 2001 06:17:17 -0700 (PDT)",dennis.lee@enron.com,"jean.adams@enron.com, william.aldinger@enron.com, mike.barry@enron.com,",Shipper list,"Please let me know if there are any changes.

 

Dennis P. Lee
ETS
Gas Logistics
(713) 853-1715
dennis.lee@enron.com"
